keyword,freq
魔理沙,268
魔法,190
雾雨,133
博丽灵,105
Stage,84
对话,73
普通,68
自机,59
Manual,54
红魔,46
组合,46
Readme,44
Omake,41
爱丽丝,39
故事,35
魔理,34
地灵,34
背景,33
十六,33
夜咲夜,33
